Анализ проведен утилитой jstat. Регистрация результатов каждые 300 мс.
В процессе работы программы выполнено создание заявок в количестве: 100000000,
а затем их удаление.
По итогу выполнения, программа аварийно завершилась с ошибкой:
Exception in thread "main" java.lang.OutOfMemoryError: Java heap space



    S0C         S1C         S0U         S1U          EC           EU           OC           OU          MC         MU       CCSC      CCSU     YGC     YGCT     FGC    FGCT     CGC    CGCT       GCT
        0,0         0,0         0,0         0,0      22528,0       2048,0     229376,0          0,0        0,0        0,0       0,0       0,0      0     0,000     0     0,000     0     0,000     0,000
        0,0         0,0         0,0         0,0      22528,0       2048,0     229376,0          0,0        0,0        0,0       0,0       0,0      0     0,000     0     0,000     0     0,000     0,000
        0,0         0,0         0,0         0,0      22528,0       2048,0     229376,0          0,0        0,0        0,0       0,0       0,0      0     0,000     0     0,000     0     0,000     0,000
        0,0         0,0         0,0         0,0      22528,0       2048,0     229376,0          0,0        0,0        0,0       0,0       0,0      0     0,000     0     0,000     0     0,000     0,000
        0,0         0,0         0,0         0,0      22528,0       2048,0     229376,0          0,0        0,0        0,0       0,0       0,0      0     0,000     0     0,000     0     0,000     0,000
        0,0         0,0         0,0         0,0      22528,0       2048,0     229376,0          0,0        0,0        0,0       0,0       0,0      0     0,000     0     0,000     0     0,000     0,000
        0,0         0,0         0,0         0,0      22528,0       2048,0     229376,0          0,0        0,0        0,0       0,0       0,0      0     0,000     0     0,000     0     0,000     0,000
        0,0         0,0         0,0         0,0      22528,0       2048,0     229376,0          0,0        0,0        0,0       0,0       0,0      0     0,000     0     0,000     0     0,000     0,000
        0,0         0,0         0,0         0,0      22528,0       2048,0     229376,0          0,0        0,0        0,0       0,0       0,0      0     0,000     0     0,000     0     0,000     0,000
        0,0         0,0         0,0         0,0      22528,0       2048,0     229376,0          0,0        0,0        0,0       0,0       0,0      0     0,000     0     0,000     0     0,000     0,000
        0,0         0,0         0,0         0,0      22528,0       2048,0     229376,0          0,0        0,0        0,0       0,0       0,0      0     0,000     0     0,000     0     0,000     0,000
        0,0         0,0         0,0         0,0      22528,0       2048,0     229376,0          0,0        0,0        0,0       0,0       0,0      0     0,000     0     0,000     0     0,000     0,000
        0,0         0,0         0,0         0,0      22528,0       2048,0     229376,0          0,0        0,0        0,0       0,0       0,0      0     0,000     0     0,000     0     0,000     0,000
        0,0         0,0         0,0         0,0      22528,0       2048,0     229376,0          0,0        0,0        0,0       0,0       0,0      0     0,000     0     0,000     0     0,000     0,000
        0,0         0,0         0,0         0,0      22528,0       2048,0     229376,0          0,0        0,0        0,0       0,0       0,0      0     0,000     0     0,000     0     0,000     0,000
        0,0         0,0         0,0         0,0      22528,0       2048,0     229376,0          0,0        0,0        0,0       0,0       0,0      0     0,000     0     0,000     0     0,000     0,000
        0,0         0,0         0,0         0,0      22528,0       2048,0     229376,0          0,0        0,0        0,0       0,0       0,0      0     0,000     0     0,000     0     0,000     0,000
        0,0         0,0         0,0         0,0      22528,0      10240,0     229376,0          0,0        0,0        0,0       0,0       0,0      0     0,000     0     0,000     0     0,000     0,000
        0,0      8192,0         0,0      8192,0      83968,0      63488,0     669696,0     203231,7     1600,0     1458,7     192,0     122,3      7     0,098     0     0,000     0     0,000     0,098
        0,0     16384,0         0,0     16384,0     151552,0      81920,0    1890304,0     460830,5     1600,0     1458,7     192,0     122,3     10     0,182     0     0,000     0     0,000     0,182
        0,0     24576,0         0,0     24576,0     227328,0     120832,0    1585152,0     686110,5     1600,0     1458,7     192,0     122,3     12     0,245     0     0,000     2     0,002     0,247
        0,0     30720,0         0,0     30720,0     251904,0     147456,0    1554432,0     978974,5     1600,0     1458,7     192,0     122,3     15     0,340     0     0,000     2     0,002     0,342
        0,0     34816,0         0,0     34816,0     315392,0      12288,0    2353152,0    1308702,5     1600,0     1458,7     192,0     122,3     16     0,442     0     0,000     2     0,002     0,444
        0,0     45056,0         0,0     45056,0     395264,0     118784,0    2263040,0    1602590,5     1600,0     1458,7     192,0     122,3     17     0,514     0     0,000     2     0,002     0,516
        0,0     43008,0         0,0     43008,0     311296,0     247808,0    2349056,0    1828894,5     1600,0     1458,7     192,0     122,3     18     0,593     0     0,000     2     0,002     0,596
        0,0     43008,0         0,0     43008,0     374784,0     221184,0    2717696,0    2056222,5     1600,0     1458,7     192,0     122,3     19     0,665     0     0,000     2     0,002     0,667
        0,0     51200,0         0,0     51200,0     399360,0     167936,0    2963456,0    2272286,5     1600,0     1458,7     192,0     122,3     20     0,729     0     0,000     3     0,005     0,735
        0,0     55296,0         0,0     55296,0     286720,0     165888,0    3072000,0    2642974,5     1600,0     1458,7     192,0     122,3     21     0,807     0     0,000     4     0,006     0,813
        0,0     30720,0         0,0     30720,0     151552,0     137216,0    3231744,0    3015710,5     1600,0     1458,7     192,0     122,3     23     0,900     0     0,000     4     0,006     0,906
        0,0     22528,0         0,0     22528,0     169984,0     159744,0    3477504,0    3254302,5     1600,0     1458,7     192,0     122,3     25     0,959     0     0,000     4     0,006     0,965
        0,0     24576,0         0,0     24576,0     167936,0      77824,0    3649536,0    3633182,5     1600,0     1458,7     192,0     122,3     28     1,062     0     0,000     4     0,006     1,068
        0,0      2048,0         0,0      2048,0          0,0          0,0    3999744,0    3998750,5     1600,0     1458,7     192,0     122,3     31     1,140     1     0,000     4     0,006     1,146
        0,0      2048,0         0,0      2048,0          0,0          0,0    3999744,0    3998750,5     1600,0     1458,7     192,0     122,3     31     1,140     1     0,000     4     0,006     1,146
        0,0      2048,0         0,0      2048,0          0,0          0,0    3999744,0    3998750,5     1600,0     1458,7     192,0     122,3     31     1,140     1     0,000     4     0,006     1,146
        0,0     26624,0         0,0     26624,0     157696,0      61440,0    3817472,0    3787769,3     1600,0     1439,6     192,0     116,8     32     1,174     1     0,851     4     0,006     2,031
        0,0      4096,0         0,0      4096,0      10240,0          0,0    3987456,0    3980281,3     1600,0     1439,6     192,0     116,8     33     1,222     2     0,851     4     0,006     2,079
        0,0      4096,0         0,0      4096,0      10240,0          0,0    3987456,0    3980281,3     1600,0     1439,6     192,0     116,8     33     1,222     2     0,851     4     0,006     2,079
        0,0      4096,0         0,0      4096,0      10240,0          0,0    3987456,0    3980281,3     1600,0     1439,6     192,0     116,8     33     1,222     2     0,851     4     0,006     2,079
        0,0         0,0         0,0         0,0       4096,0          0,0    3997696,0    3986656,4     1600,0     1439,6     192,0     116,8     34     1,244     3     1,717     4     0,006     2,967
        0,0         0,0         0,0         0,0       4096,0          0,0    3997696,0    3986656,4     1600,0     1439,6     192,0     116,8     34     1,244     3     1,717     4     0,006     2,967
        0,0         0,0         0,0         0,0       4096,0          0,0    3997696,0    3986656,4     1600,0     1439,6     192,0     116,8     34     1,244     3     1,717     4     0,006     2,967
        0,0         0,0         0,0         0,0       2048,0          0,0    3999744,0    3990994,9     1600,0     1439,6     192,0     116,8     35     1,252     4     2,674     4     0,006     3,933
        0,0         0,0         0,0         0,0       2048,0          0,0    3999744,0    3990994,9     1600,0     1439,6     192,0     116,8     35     1,252     4     2,674     4     0,006     3,933
        0,0         0,0         0,0         0,0       2048,0          0,0    3999744,0    3990994,9     1600,0     1439,6     192,0     116,8     35     1,252     4     2,674     4     0,006     3,933
        0,0         0,0         0,0         0,0       2048,0          0,0    3999744,0    3982981,4     1600,0     1439,6     192,0     116,8     36     1,255     5     3,678     4     0,006     4,939
        0,0         0,0         0,0         0,0       2048,0          0,0    3999744,0    3982981,4     1600,0     1439,6     192,0     116,8     36     1,255     5     3,678     4     0,006     4,939
        0,0         0,0         0,0         0,0       2048,0          0,0    3999744,0    3982981,4     1600,0     1439,6     192,0     116,8     36     1,255     5     3,678     4     0,006     4,939
        0,0         0,0         0,0         0,0       2048,0          0,0    3999744,0    3982981,4     1600,0     1439,6     192,0     116,8     36     1,255     5     3,678     4     0,006     4,939
        0,0         0,0         0,0         0,0          0,0          0,0    4001792,0    4000574,6     1600,0     1439,6     192,0     116,8     37     1,263     6     4,691     4     0,006     5,960
        0,0         0,0         0,0         0,0          0,0          0,0    4001792,0    4000574,6     1600,0     1439,6     192,0     116,8     37     1,263     6     4,691     4     0,006     5,960
        0,0         0,0         0,0         0,0          0,0          0,0    4001792,0    4000574,6     1600,0     1439,6     192,0     116,8     37     1,263     6     4,691     4     0,006     5,960
        0,0         0,0         0,0         0,0          0,0          0,0    4001792,0    4001220,4     1600,0     1439,6     192,0     116,8     38     1,268     7     5,751     4     0,006     7,025
        0,0         0,0         0,0         0,0          0,0          0,0    4001792,0    4001220,4     1600,0     1439,6     192,0     116,8     38     1,268     7     5,751     4     0,006     7,025
        0,0         0,0         0,0         0,0          0,0          0,0    4001792,0    4001220,4     1600,0     1439,6     192,0     116,8     38     1,268     7     5,751     4     0,006     7,025
        0,0         0,0         0,0         0,0          0,0          0,0    4001792,0    4001220,4     1600,0     1439,6     192,0     116,8     38     1,268     7     5,751     4     0,006     7,025
        0,0         0,0         0,0         0,0          0,0          0,0    4001792,0    3999915,3     1600,0     1439,6     192,0     116,8     39     1,271     8     6,710     4     0,006     7,987
        0,0         0,0         0,0         0,0          0,0          0,0    4001792,0    3999915,3     1600,0     1439,6     192,0     116,8     39     1,271     8     6,710     4     0,006     7,987
        0,0         0,0         0,0         0,0          0,0          0,0    4001792,0    3999915,3     1600,0     1439,6     192,0     116,8     39     1,271     8     6,710     4     0,006     7,987
        0,0         0,0         0,0         0,0          0,0          0,0    4001792,0    4001124,5     1600,0     1439,6     192,0     116,8     40     1,275     9     7,671     4     0,006     8,952
        0,0         0,0         0,0         0,0          0,0          0,0    4001792,0    4001124,5     1600,0     1439,6     192,0     116,8     40     1,275     9     7,671     4     0,006     8,952
        0,0         0,0         0,0         0,0          0,0          0,0    4001792,0    4001124,5     1600,0     1439,6     192,0     116,8     40     1,275     9     7,671     4     0,006     8,952
        0,0         0,0         0,0         0,0          0,0          0,0    4001792,0    4000285,7     1600,0     1439,6     192,0     116,8     40     1,275    10     8,592     4     0,006     9,873
        0,0         0,0         0,0         0,0          0,0          0,0    4001792,0    4000285,7     1600,0     1439,6     192,0     116,8     40     1,275    10     8,592     4     0,006     9,873
        0,0         0,0         0,0         0,0          0,0          0,0    4001792,0    4000285,7     1600,0     1439,6     192,0     116,8     40     1,275    10     8,592     4     0,006     9,873
        0,0         0,0         0,0         0,0          0,0          0,0    4001792,0    4000285,7     1600,0     1439,6     192,0     116,8     40     1,275    10     8,592     4     0,006     9,873
        0,0         0,0         0,0         0,0          0,0          0,0    4001792,0    4000285,7     1600,0     1439,6     192,0     116,8     40     1,275    10     8,592     4     0,006     9,873
        0,0         0,0         0,0         0,0          0,0          0,0    4001792,0    4001571,0     1600,0     1439,6     192,0     116,8     41     1,278    11    10,121     4     0,006    11,405
        0,0         0,0         0,0         0,0          0,0          0,0    4001792,0    4001571,0     1600,0     1439,6     192,0     116,8     41     1,278    11    10,121     4     0,006    11,405
        0,0         0,0         0,0         0,0          0,0          0,0    4001792,0    4001571,0     1600,0     1439,6     192,0     116,8     41     1,278    11    10,121     4     0,006    11,405
        0,0         0,0         0,0         0,0          0,0          0,0    4001792,0    4000733,2     1600,0     1439,6     192,0     116,8     41     1,278    12    10,952     4     0,006    12,237
        0,0         0,0         0,0         0,0          0,0          0,0    4001792,0    4000733,2     1600,0     1439,6     192,0     116,8     41     1,278    12    10,952     4     0,006    12,237
        0,0         0,0         0,0         0,0          0,0          0,0    4001792,0    4000733,2     1600,0     1439,6     192,0     116,8     41     1,278    12    10,952     4     0,006    12,237
        0,0         0,0         0,0         0,0          0,0          0,0    4001792,0    4000733,2     1600,0     1439,6     192,0     116,8     42     1,279    13    12,025     4     0,006    13,310
        0,0         0,0         0,0         0,0          0,0          0,0    4001792,0    4000733,2     1600,0     1439,6     192,0     116,8     42     1,279    13    12,025     4     0,006    13,310
        0,0         0,0         0,0         0,0          0,0          0,0    4001792,0    4000733,2     1600,0     1439,6     192,0     116,8     42     1,279    13    12,025     4     0,006    13,310
        0,0         0,0         0,0         0,0          0,0          0,0    4001792,0    4000733,2     1600,0     1439,6     192,0     116,8     42     1,279    14    12,849     4     0,006    14,134
        0,0         0,0         0,0         0,0          0,0          0,0    4001792,0    4000733,2     1600,0     1439,6     192,0     116,8     42     1,279    14    12,849     4     0,006    14,134
        0,0         0,0         0,0         0,0          0,0          0,0    4001792,0    4000733,2     1600,0     1439,6     192,0     116,8     42     1,279    14    12,849     4     0,006    14,134
        0,0         0,0         0,0         0,0          0,0          0,0    4001792,0    4000733,2     1600,0     1439,6     192,0     116,8     42     1,279    14    12,849     4     0,006    14,134
        0,0         0,0         0,0         0,0      10240,0          0,0      10240,0       2100,2     1600,0     1439,6     192,0     116,8     43     1,280    15    13,927     4     0,006    15,214


Кроме того, анализ был произведен с помощью VM команды: -XX:+PrintGCDetails,
благодаря которой можно заметить заполнение old generation хипа и выполнение major GC:

[31,286s][info   ][gc,task        ] GC(65) Using 13 workers of 13 for evacuation
[31,286s][info   ][gc,phases      ] GC(65)   Pre Evacuate Collection Set: 0,4ms
[31,287s][info   ][gc,phases      ] GC(65)   Merge Heap Roots: 0,0ms
[31,287s][info   ][gc,phases      ] GC(65)   Evacuate Collection Set: 0,2ms
[31,287s][info   ][gc,phases      ] GC(65)   Post Evacuate Collection Set: 0,1ms
[31,287s][info   ][gc,phases      ] GC(65)   Other: 0,1ms
[31,287s][info   ][gc,heap        ] GC(65) Eden regions: 0->0(0)
[31,287s][info   ][gc,heap        ] GC(65) Survivor regions: 0->0(0)
[31,287s][info   ][gc,heap        ] GC(65) Old regions: 1894->1894
[31,287s][info   ][gc,heap        ] GC(65) Humongous regions: 60->60
[31,287s][info   ][gc,metaspace   ] GC(65) Metaspace: 1439K(1600K)->1439K(1600K) NonClass: 1322K(1408K)->1322K(1408K) Class: 116K(192K)->116K(192K)
[31,287s][info   ][gc             ] GC(65) Pause Young (Concurrent Start) (G1 Evacuation Pause) 3906M->3906M(3908M) 0,986ms
[31,287s][info   ][gc,cpu         ] GC(65) User=0,00s Sys=0,00s Real=0,01s
[31,287s][info   ][gc,ergo        ] Attempting full compaction
[31,287s][info   ][gc,start       ] GC(67) Pause Full (G1 Compaction Pause)
[31,287s][info   ][gc             ] GC(66) Concurrent Mark Cycle
[31,287s][info   ][gc,marking     ] GC(66) Concurrent Scan Root Regions
[31,287s][info   ][gc,marking     ] GC(66) Concurrent Scan Root Regions 0,005ms
[31,287s][info   ][gc,marking     ] GC(66) Concurrent Mark
